-0.33333
0.0000024
0.33334
0.66667
1.0000
1.3333
1.6667
2.0000
2.3333
2.6667
3.0000
3.3333
3.6667
4.0000
4.3333
4.6667
5.0000
5.3333
5.6667
6.0000
6.3333
6.6667
7.0000
7.3333
7.6667
8.0000
8.3333
8.6667
9.0000
9.3333
9.6667
10.000
10.334
10.674
11.024
11.390
11.775
12.181
12.608
13.057
13.524
14.007
14.501
15.000
15.500
16.000
16.500
17.000
17.500
18.000
18.500
19.000
19.500
20.000
20.500
21.000
21.500
22.000
22.500
23.000
23.500
24.000
24.500
25.000
25.500
26.000
26.500
27.000
27.500
28.000
28.500
29.000
29.500
30.000
30.500
31.000
31.500
32.000
32.500
33.000
33.500
34.000
34.500
35.000
35.500
36.000
36.500
37.000
37.500
38.000
38.500
39.000
39.500
40.000
40.500
41.000
41.500
42.000
42.500
43.000
43.500
44.000
44.500
45.000
45.500
46.000
46.500
47.000
47.500
48.000
48.500
49.000
49.500
50.000
50.500
51.000
51.500
52.000
52.500
53.000
53.500
54.000
54.500
55.000
55.500
56.000
56.500
57.000
57.500
58.000
58.500
59.000
59.500
60.000
60.500
61.000
61.500
62.000
62.500
63.000
63.500
64.000
64.500
65.000
65.500
66.000
66.500
67.000
67.500
68.000
68.500
69.000
69.500
70.000
70.500
71.000
71.500
72.000
72.500
73.000
73.500
74.000
74.500
75.000
75.500
76.000
76.500
77.000
77.500

